CAA31690.1	A0A158N8U3	235	239	235	234	99.57	98	1	0	5	239	1	235	8e-177	1245
CAA31690.1	AAA29419.1	207	239	209	206	99.52	87	1	0	33	239	3	209	8e-156	1104
CAA75924.1	A0A044TPU2	341	359	506	315	92.38	95	23	3	1	340	1	339	0.0	1592
A0A044TPU2	CAA75924.1	349	506	359	323	92.55	69	23	3	1	347	1	348	0.0	1626
A0A044SF60	A0A044TED5	310	311	367	220	70.97	99	86	4	2	311	62	367	1e-62	507
A0A044SF60	A0A044V9C9	311	311	288	200	64.31	99	87	24	2	311	1	288	1e-58	474
AAB52600.1	A0A044UUD9	360	360	416	360	100.00	100	0	0	1	360	57	416	0.0	1949
AAB52600.1	AAD38403.1	360	360	363	360	100.00	100	0	0	1	360	4	363	0.0	1935
AAB52599.1	A0A158N7S3	339	339	339	335	98.82	100	4	0	1	339	1	339	0.0	1775
AAB52599.1	O01360.1	339	339	339	332	97.94	100	7	0	1	339	1	339	0.0	1752
CAA04390.1	A0A044R436	540	526	540	519	96.11	100	7	14	1	526	1	540	0.0	2758
AAK16514.1	A0A2K6W829	401	401	416	390	97.26	100	11	0	1	401	16	416	0.0	2119
P36991.1	AAA18283.1	164	164	164	164	100.00	100	0	0	1	164	1	164	5e-119	848
AAB97282.1	A0A044UNG9	220	220	220	219	99.55	100	1	0	1	220	1	220	7e-169	1189
AAB97282.1	AAB69625.2	220	220	220	135	61.36	100	85	0	1	220	1	220	3e-104	763
AAB97282.1	A0A044VD00	220	220	220	136	61.82	100	84	0	1	220	1	220	6e-104	761
AAC48290.1	A0A044VA40	770	769	746	741	96.23	100	4	25	1	769	1	746	0.0	3795
P30162.1	P30163.1	376	376	376	371	98.67	100	5	0	1	376	1	376	0.0	2011
A0A044TMQ9	A0A044UVZ9	136	136	136	132	97.06	100	4	0	1	136	1	136	1e-94	682
AAF64254.1	A0A044QLL7	417	417	429	417	100.00	100	0	0	1	417	13	429	0.0	2232
A0A044TED5	A0A044V9C9	307	367	288	206	67.10	83	81	20	62	367	1	288	6e-66	528
AAA50214.2	A0A044SIU8	161	161	232	161	100.00	100	0	0	1	161	62	222	6e-116	834
AAA50214.2	P52570.1	161	161	232	161	100.00	100	0	0	1	161	62	222	1e-115	832
AAA20541.1	A0A044QNW3	279	280	280	278	99.64	99	1	0	1	279	1	279	0.0	1469
AAF64251.1	A0A044V6Z2	542	542	542	541	99.82	100	1	0	1	542	1	542	0.0	2847
A0A044QSA2	A0A044RMM8	385	431	382	290	75.32	89	86	9	42	425	1	377	0.0	1532
A0A044QSA2	A0A044QZV7	353	431	398	240	67.99	77	92	21	56	389	17	367	0.0	1321
A0A044QSA2	A0A044QSB0	388	431	400	243	62.63	87	133	12	42	417	1	388	3e-178	1292
A0A044QSA2	A0A044R521	377	431	390	238	63.13	85	124	15	49	415	14	385	6e-175	1269
AAA74283.1	A0A044V2F8	538	538	578	531	98.70	100	6	1	1	538	42	578	0.0	2757
AAA74283.1	AAA21472.1	537	538	542	409	76.16	99	126	2	2	538	8	542	0.0	2163
A0A044VAG6	AAV71152.1	401	418	571	396	98.75	96	5	0	1	401	148	548	0.0	2183
AAC48312.1	AAC32810.1	199	199	199	193	96.98	100	6	0	1	199	1	199	2e-145	1030
AAC48312.1	A0A044VFS3	199	199	414	186	93.47	100	13	0	1	199	216	414	1e-135	987
AAC48312.1	A0A044VFS3	202	199	414	186	92.08	99	12	4	1	198	26	227	2e-134	978
A0A044VD00	AAB69625.2	220	220	220	212	96.36	100	8	0	1	220	1	220	2e-161	1140
A0A044VD00	AAB97282.1	220	220	220	136	61.82	100	84	0	1	220	1	220	6e-104	761
A0A044VD00	A0A044UNG9	220	220	220	136	61.82	100	84	0	1	220	1	220	7e-104	760
AAA20215.1	P37801.2	299	299	378	299	100.00	100	0	0	1	299	80	378	0.0	1609
AAA20215.1	A0A044V456	299	299	378	298	99.67	100	1	0	1	299	80	378	0.0	1604
AAB68960.1	A0A044RRG7	497	497	497	478	96.18	100	19	0	1	497	1	497	0.0	2571
AAB68960.1	A0A044VBR7	419	497	426	302	72.08	82	107	10	83	492	1	418	0.0	1587
AAB68960.1	A0A044SXH1	413	497	402	296	71.67	82	95	22	83	492	1	394	0.0	1550
AAD00842.1	A0A044SS43	389	389	1280	387	99.49	100	2	0	1	389	20	408	0.0	2074
A0A2K6VYS3	AAF64253.1	129	129	129	127	98.45	100	2	0	1	129	1	129	1e-92	667
A0A044R521	A0A044RMM8	351	390	382	238	67.81	89	99	14	1	347	1	341	4e-175	1265
A0A044R521	A0A044QSA2	377	390	431	238	63.13	95	124	15	14	385	49	415	1e-174	1266
A0A044R521	A0A044QZV7	333	390	398	214	64.26	79	94	25	19	328	15	345	3e-165	1202
A0A044RRG7	AAB68960.1	497	497	497	478	96.18	100	19	0	1	497	1	497	0.0	2571
A0A044RRG7	A0A044VBR7	419	497	426	308	73.51	82	101	10	83	492	1	418	0.0	1614
A0A044RRG7	A0A044SXH1	413	497	402	306	74.09	82	85	22	83	492	1	394	0.0	1605
A0A044UVZ9	A0A044TMQ9	136	136	136	132	97.06	100	4	0	1	136	1	136	1e-94	682
P46434.1	A0A044UM60	235	235	269	235	100.00	100	0	0	1	235	35	269	8e-177	1248
P46434.1	AAG44696.1	235	235	250	225	95.74	100	10	0	1	235	16	250	2e-158	1125
AAD00843.1	A0A044VHF7	321	321	321	319	99.38	100	2	0	1	321	1	321	0.0	1700
Q9NJD8.1	A0A044SN49	364	364	362	362	99.45	100	0	2	1	364	1	362	0.0	1917
A0A2K6W829	AAK16514.1	401	416	401	390	97.26	96	11	0	16	416	1	401	0.0	2119
A0A044UNG9	AAB97282.1	220	220	220	219	99.55	100	1	0	1	220	1	220	7e-169	1189
A0A044UNG9	AAB69625.2	220	220	220	135	61.36	100	85	0	1	220	1	220	4e-104	762
A0A044UNG9	A0A044VD00	220	220	220	136	61.82	100	84	0	1	220	1	220	7e-104	760
A0A044QS56	AAA21554.2	171	183	419	167	97.66	93	4	0	13	183	229	399	6e-125	914
A0A2K6WB53	A0A044U9P0	145	210	1013	88	60.69	69	55	2	45	189	134	276	2e-53	454
A0A044QS72	AAA21554.2	228	337	419	223	97.81	68	5	0	103	330	1	228	2e-163	1187
AAA29419.1	CAA31690.1	207	209	239	206	99.52	99	1	0	3	209	33	239	7e-156	1104
AAA29419.1	A0A158N8U3	207	209	235	206	99.52	99	1	0	3	209	29	235	9e-156	1103
AAA65186.1	Q25619.1	147	147	178	147	100.00	100	0	0	1	147	32	178	4e-103	743
AAA65186.1	A0A044V529	147	147	190	147	100.00	100	0	0	1	147	44	190	4e-103	744
AAV71152.1	A0A044VAG6	401	571	418	396	98.75	70	5	0	148	548	1	401	0.0	2183
AAF64249.1	A0A044UWQ7	80	80	89	80	100.00	100	0	0	1	80	10	89	2e-58	432
AAB69625.2	A0A044VD00	220	220	220	212	96.36	100	8	0	1	220	1	220	2e-161	1140
AAB69625.2	AAB97282.1	220	220	220	135	61.36	100	85	0	1	220	1	220	3e-104	763
AAB69625.2	A0A044UNG9	220	220	220	135	61.36	100	85	0	1	220	1	220	4e-104	762
P46427.1	A0A2K6VVE2	208	208	207	207	99.52	100	0	1	1	208	1	207	4e-154	1089
A0A044UUD9	AAD38403.1	363	416	363	363	100.00	87	0	0	54	416	1	363	0.0	1963
A0A044UUD9	AAB52600.1	360	416	360	360	100.00	87	0	0	57	416	1	360	0.0	1949
AAC47233.1	AAD09564.1	171	171	213	106	61.99	99	63	2	3	171	6	176	7e-72	543
AAC47233.1	A0A044U9P0	158	171	1013	105	66.46	92	46	7	14	171	132	282	6e-69	561
A0A044VA40	AAC48290.1	770	746	769	741	96.23	100	4	25	1	746	1	769	0.0	3795
AAC32810.1	AAC48312.1	199	199	199	193	96.98	100	6	0	1	199	1	199	2e-145	1030
AAC32810.1	A0A044VFS3	199	199	414	188	94.47	100	11	0	1	199	216	414	8e-139	1007
AAC32810.1	A0A044VFS3	202	199	414	190	94.06	99	8	4	1	198	26	227	6e-138	1002
AAY67786.1	A0A158N7U2	118	118	128	118	100.00	100	0	0	1	118	11	128	1e-87	633
A0A158N7U2	AAY67786.1	118	128	118	118	100.00	92	0	0	11	128	1	118	1e-87	633
AAD27587.1	A0A158N7U8	140	140	132	132	94.29	100	0	8	1	140	1	132	8e-94	677
AAD27587.1	AAC79423.1	140	140	132	119	85.00	100	13	8	1	140	1	132	7e-80	585
AAD27587.1	A0A044RUV7	102	140	94	94	92.16	73	0	8	1	102	1	94	5e-63	470
AAA29418.1	P22085.2	125	125	162	121	96.80	100	4	0	1	125	38	162	2e-85	623
AAF64250.1	A0A044UVG8	238	264	1485	237	99.58	90	1	0	1	238	714	951	7e-149	1155
A0A044V9C9	A0A044TED5	307	288	367	206	67.10	100	81	20	1	288	62	367	2e-54	449
P52570.1	A0A044SIU8	225	232	232	224	99.56	97	1	0	8	232	8	232	4e-168	1186
P52570.1	AAA50214.2	161	232	161	161	100.00	69	0	0	62	222	1	161	2e-115	832
AAA21472.1	A0A044V2F8	526	542	578	408	77.57	97	117	1	18	542	53	578	0.0	2173
AAA21472.1	AAA74283.1	527	542	538	404	76.66	97	121	2	18	542	12	538	0.0	2134
O01360.1	A0A158N7S3	339	339	339	336	99.12	100	3	0	1	339	1	339	0.0	1776
O01360.1	AAB52599.1	339	339	339	332	97.94	100	7	0	1	339	1	339	0.0	1752
A0A044V2F8	AAA74283.1	538	578	538	531	98.70	93	6	1	42	578	1	538	0.0	2757
A0A044V2F8	AAA21472.1	543	578	542	418	76.98	94	123	2	37	578	1	542	0.0	2220
AAC79423.1	A0A158N7U8	132	132	132	119	90.15	100	13	0	1	132	1	132	1e-79	583
AAC79423.1	AAD27587.1	140	132	140	117	83.57	100	15	8	1	132	1	140	2e-79	582
AAC79423.1	A0A044RUV7	94	132	94	83	88.30	71	11	0	1	94	1	94	7e-50	382
A0A044R436	CAA04390.1	540	540	526	519	96.11	100	7	14	1	540	1	526	0.0	2758
AAC47023.1	AAB68960.1	163	163	497	155	95.09	100	8	0	1	163	37	199	2e-109	816
AAC47023.1	A0A044RRG7	163	163	497	148	90.80	100	15	0	1	163	37	199	3e-102	768
AAC47023.1	A0A044SXH1	117	163	402	96	82.05	72	21	0	47	163	1	117	4e-63	499
AAC47023.1	A0A044VBR7	117	163	426	91	77.78	72	26	0	47	163	1	117	2e-59	475
A0A044QNW3	AAA20541.1	279	280	280	278	99.64	99	1	0	1	279	1	279	0.0	1469
A0A044UM60	P46434.1	235	269	235	235	100.00	87	0	0	35	269	1	235	9e-177	1248
A0A044UM60	AAG44696.1	250	269	250	240	96.00	93	10	0	20	269	1	250	3e-169	1200
AAF64253.1	A0A2K6VYS3	129	129	129	127	98.45	100	2	0	1	129	1	129	1e-92	667
A0A044RMM8	A0A044QSA2	385	382	431	290	75.32	99	86	9	1	377	42	425	0.0	1531
A0A044RMM8	A0A044QZV7	349	382	398	242	69.34	85	80	27	18	340	19	366	0.0	1323
A0A044RMM8	A0A044R521	351	382	390	238	67.81	89	99	14	1	341	1	347	7e-175	1263
A0A044RMM8	A0A044QSB0	377	382	400	239	63.40	95	121	17	19	380	21	395	2e-174	1262
A0A044RUV7	A0A158N7U8	94	94	132	93	98.94	100	1	0	1	94	1	94	4e-65	482
A0A044RUV7	AAD27587.1	102	94	140	94	92.16	100	0	8	1	94	1	102	3e-63	470
A0A044RUV7	AAC79423.1	94	94	132	83	88.30	100	11	0	1	94	1	94	4e-53	403
A0A158N7U8	AAD27587.1	140	132	140	132	94.29	100	0	8	1	132	1	140	8e-94	677
A0A158N7U8	AAC79423.1	132	132	132	119	90.15	100	13	0	1	132	1	132	8e-83	603
A0A158N7U8	A0A044RUV7	94	132	94	93	98.94	71	1	0	1	94	1	94	5e-65	482
A0A158N8I3	A0A2K6W829	131	131	416	131	100.00	100	0	0	1	131	286	416	3e-96	717
A0A158N8I3	AAK16514.1	131	131	401	122	93.13	100	9	0	1	131	271	401	2e-89	671
P22085.2	AAA29418.1	125	162	125	121	96.80	77	4	0	38	162	1	125	2e-85	623
A0A044RXP7	A0A044UK00	271	242	12628	239	88.19	100	3	29	1	242	5514	5784	7e-154	1214
A0A044RXP7	A0A044UK00	151	242	12628	102	67.55	61	44	5	1	147	5280	5429	1e-55	479
A0A044SD32	A0A044SD24	117	117	117	105	89.74	100	12	0	1	117	1	117	3e-75	550
A0A044SD24	A0A044SD32	117	117	117	105	89.74	100	12	0	1	117	1	117	3e-75	550
A0A044SXH1	A0A044VBR7	429	402	426	313	72.96	100	86	30	1	402	1	426	0.0	1652
A0A044SXH1	A0A044RRG7	413	402	497	306	74.09	98	85	22	1	394	83	492	0.0	1605
A0A044SXH1	AAB68960.1	413	402	497	296	71.67	98	95	22	1	394	83	492	0.0	1550
A0A044SXH1	A0A044RX75	268	402	246	191	71.27	66	45	32	81	347	1	237	2e-126	931
A0A044VBR7	A0A044SXH1	429	426	402	324	75.52	100	75	30	1	426	1	402	0.0	1699
A0A044VBR7	A0A044RRG7	419	426	497	308	73.51	98	101	10	1	418	83	492	0.0	1658
A0A044VBR7	AAB68960.1	419	426	497	302	72.08	98	107	10	1	418	83	492	0.0	1630
A0A044VBR7	A0A044RX75	291	426	246	192	65.98	68	45	54	81	371	1	237	1e-124	922
AAB69626.2	AAG16997.1	56	59	55	46	82.14	95	9	1	4	59	1	55	5e-18	159
A0A044V6Z2	AAF64251.1	542	542	542	541	99.82	100	1	0	1	542	1	542	0.0	2847
P37801.2	A0A044V456	378	378	378	377	99.74	100	1	0	1	378	1	378	0.0	2024
P37801.2	AAA20215.1	299	378	299	299	100.00	79	0	0	80	378	1	299	0.0	1609
A0A044V456	P37801.2	378	378	378	377	99.74	100	1	0	1	378	1	378	0.0	2024
A0A044V456	AAA20215.1	299	378	299	298	99.67	79	1	0	80	378	1	299	0.0	1604
A0A044VHF7	AAD00843.1	321	321	321	319	99.38	100	2	0	1	321	1	321	0.0	1700
Q25619.1	A0A044V529	178	178	190	178	100.00	100	0	0	1	178	13	190	6e-129	918
Q25619.1	AAA65186.1	147	178	147	147	100.00	83	0	0	32	178	1	147	5e-103	743
A0A2K6VVE2	P46427.1	208	207	208	207	99.52	100	0	1	1	207	1	208	4e-154	1089
A0A044QLL7	AAF64254.1	417	429	417	417	100.00	97	0	0	13	429	1	417	0.0	2232
A0A044SIU8	P52570.1	225	232	232	224	99.56	97	1	0	8	232	8	232	4e-168	1186
A0A044SIU8	AAA50214.2	161	232	161	161	100.00	69	0	0	62	222	1	161	9e-116	834
A0A044V529	Q25619.1	178	190	178	178	100.00	94	0	0	13	190	1	178	7e-129	918
A0A044V529	AAA65186.1	147	190	147	147	100.00	77	0	0	44	190	1	147	5e-103	744
A0A044V9F9	AAB50925.1	187	215	460	186	99.47	87	1	0	22	208	28	214	2e-135	991
A0A158N8U3	CAA31690.1	235	235	239	234	99.57	100	1	0	1	235	5	239	8e-177	1245
A0A158N8U3	AAA29419.1	207	235	209	206	99.52	88	1	0	29	235	3	209	1e-155	1103
A0A044UEF6	A0A044TX11	164	172	283	99	60.37	88	51	14	22	172	10	172	1e-49	400
A0A044RSN4	A0A044UVZ9	53	76	136	50	94.34	70	3	0	24	76	84	136	6e-32	260
A0A044RSN4	A0A044TMQ9	53	76	136	47	88.68	70	6	0	24	76	84	136	6e-30	247
A0A044UWQ7	AAF64249.1	80	89	80	80	100.00	90	0	0	10	89	1	80	3e-58	432
AAC48289.1	A0A044VA40	332	332	746	325	97.89	100	7	0	1	332	382	713	0.0	1624
AAC48289.1	AAC48290.1	332	332	769	323	97.29	100	9	0	1	332	405	736	0.0	1615
AAC48289.1	AAB35895.1	284	332	302	275	96.83	86	9	0	4	287	11	294	0.0	1370
AAG44696.1	A0A044UM60	250	250	269	240	96.00	100	10	0	1	250	20	269	2e-169	1201
AAG44696.1	P46434.1	235	250	235	225	95.74	94	10	0	16	250	1	235	2e-158	1124
AAD09564.1	AAC47233.1	171	213	171	106	61.99	80	63	2	6	176	3	171	3e-72	546
P30163.1	P30162.1	376	376	376	371	98.67	100	5	0	1	376	1	376	0.0	2011
A0A044SN49	Q9NJD8.1	364	362	364	362	99.45	100	0	2	1	362	1	364	0.0	1917
AAG16997.1	AAB69626.2	56	55	59	46	82.14	100	9	1	1	55	4	59	2e-17	155
A0A044RX75	A0A044SXH1	268	246	402	191	71.27	96	45	32	1	237	81	347	1e-126	931
A0A044RX75	AAB68960.1	282	246	497	191	67.73	96	44	47	1	236	163	443	2e-124	925
A0A044RX75	A0A044VBR7	292	246	426	181	61.99	96	55	56	1	237	81	371	1e-118	880
A0A044RX75	A0A044RRG7	282	246	497	185	65.60	96	50	47	1	236	163	443	4e-117	877
AAD38403.1	A0A044UUD9	363	363	416	363	100.00	100	0	0	1	363	54	416	0.0	1963
AAD38403.1	AAB52600.1	360	363	360	360	100.00	99	0	0	4	363	1	360	0.0	1935
A0A044QZV7	A0A044QSA2	368	398	431	247	67.12	91	98	23	4	367	41	389	0.0	1331
A0A044QZV7	A0A044RMM8	349	398	382	241	69.05	87	81	27	19	366	18	340	2e-180	1302
A0A044QZV7	A0A044QSB0	336	398	400	224	66.67	84	92	20	8	342	9	325	1e-169	1231
A0A044QZV7	A0A044R521	342	398	390	212	61.99	86	109	21	4	345	8	328	5e-166	1207
A0A044QSB0	A0A044QSA2	388	400	431	244	62.89	97	132	12	1	388	42	417	3e-178	1292
A0A044QSB0	A0A044RMM8	384	400	382	242	63.02	96	125	17	14	395	12	380	3e-175	1267
A0A044QSB0	A0A044QZV7	329	400	398	224	68.09	78	85	20	18	327	17	344	2e-169	1230
A0A044V9S0	A0A044V9S3	145	164	365	97	66.90	86	44	4	1	141	1	145	7e-66	514
A0A158N7S3	O01360.1	339	339	339	336	99.12	100	3	0	1	339	1	339	0.0	1776
A0A158N7S3	AAB52599.1	339	339	339	335	98.82	100	4	0	1	339	1	339	0.0	1775
AAB35895.1	AAC48289.1	284	302	332	275	96.83	94	9	0	11	294	4	287	0.0	1370
AAB35895.1	A0A044VA40	284	302	746	280	98.59	94	4	0	11	294	385	668	0.0	1409
AAB35895.1	AAC48290.1	284	302	769	278	97.89	94	6	0	11	294	408	691	0.0	1401
AAA18283.1	P36991.1	164	164	164	164	100.00	100	0	0	1	164	1	164	5e-119	848
